-6823
-4607
5815
-9165
-2247
6358
-6872
1299
-1776
-7850
9017
2588
-2631
-140
-9687
3517
-1533
-6130
-5979
5623
2642
322
-1828
7279
-4679
4497
9942
-1807
276
-7124
-1653
-2043
4661
-804
-5066
5095
-5432
3652
-1418
-554
6208
1808
-5054
-8772
-2275
7394
-4490
8199
-1492
3820
2450
-3607
6965
9291
-7135
2855
7221
8536
5514
3256
6416
4935
-8978
-4652
3802
1060
7927
8173
-5075
-4782
-1051
4815
5288
4574
9414
-9166
-4624
-3057
-446
-2074
-1014
-8257
9684
6456
425
-8046
991
5370
-3670
2079
7874
-3968
8137
5325
3030
-8727
785
9597
-2575
6664
9467
-2663
3273
-6710
-5129
7635
1104
-7610
9876
-7969
-2521
277
-1019
-2412
-5730
4673
5250
-5434
4922
1847
-9932
-7444
1842
2846
-2657
-7083
6677
9962
-8456
8141
48
-4222
9518
2889
-1541
-8351
-1531
6394
1584
2789
850
-1399
5493
-5701
-5401
-2403
7050
549
1055
8357
-3978
-3781
-5325
5577
6596
6910
5494
-9573
5946
-8046
-9042
1141
-9155
-8265
1982
-8299
758
6092
9128
-7380
-3797
8856
2981
-7868
-9003
1467
-2938
-2457
-1754
9746
-4134
-3873
-1093
-6813
2118
-6172
-8897
-6060
6292
1548
-3845
-1959
-9552
-370
1831
9708
-2245
3758
2316
-7102
6838
-9043
1420
-1566
2153
-2834
3238
-7458
4580
-4872
-152
-2050
2181
6199
6087
4830
-7766
7658
-384
-1846
-9402
-3182
9799
-2420
6465
8161
8407
-6649
301
-8711
-6288
3303
5227
-4653
-7092
-5092
4706
-9528
1033
-5048
590
8560
-640
1163
-8301
8204
5860
-5752
3542
7000
7474
96
-5858
-5838
-7700
19
-8843
-6160
1969
3991
-1242
-114
2240
3291
-8584
6544
2723
-3167
3290
1178
-9876
-8239
-3375
-5337
7563
-7963
7457
-1365
-4120
8260
-7699
4159
-192
3300
-6186
3616
-839
1065
-6953
2889
-6250
866
-1497
7041
6194
-9297
-3680
6069
-253
-4845
-4519
-973
958
-7637
6876
5713
-6530
9478
-3402
-9737
2561
2522
7959
3708
1690
4598
-9922
8939
-524
-2200
-2618
-8343
-6215
-9599
-2573
-743
3258
-417
-1532
6859
5717
-8612
8888
-9275
2779
3273
-6799
-2556
6424
-1899
145
-317
-5534
-7217
-9673
1228
2906
4795
-4650
-8405
-9375
-2620
-3408
-8054
7772
-6177
-4759
556
4936
-2382
-7545
3887
1009
-261
-5454
1173
3633
7234
-9072
8417
1397
2633
-7485
-8625
7655
7699
7191
-8999
-9927
6198
6351
8462
-5767
-3127
6234
-1664
4795
6941
-7048
-1045
-1969
2644
2508
-1195
-4354
6258
8673
4727
8237
-846
7595
5672
3866
-3067
197
-2009
-5136
-4783
-5709
-9928
-3368
-5761
482
8737
1267
-6008
-347
-5864
3504
6209
6377
6691
4281
1972
385
8753
-9875
3709
5728
-8603
9026
-7537
-7236
919
8603
-9321
-5404
7299
6675
-1758
-6529
-423
2650
-7120
-7677
-6209
-7839
3771
7538
-8346
-3396
4536
-8778
-7972
2776
-9097
-8610
-8107
6547
1444
-2134
1155
-511
-7106
-8954
-5832
-8525
9563
-9867
588
9395
2354
-2539
-4738
2737
-3201
-5959
1401
-351
-3407
6591
-3646
6171
4074
4793
-5510
-8759
-9265
8142
7699
9288
-7298
-9248
-4770
-9625
2316
-9912
-244
-8166
8155
-7684
-7403
3637
-3050
-7742
4250
-2926
5960
-709
-4024
6862
-11
2244
-47
4852
-8488
4984
5414
-1899
6555
-7073
-9261
-8579
-7566
1299
6693
1601
-7769
-5114
-9580
-3289
4285
-433
1493
-5723
3994
2716
-780
1815
-9458
7415
-4720
1444
2165
-9164
-701
458
798
377
8863
7332
-5327
-8346
-4722
5227
-8424
-8824
1202
5650
-4435
-7352
-5157
1074
-1130
9265
-7423
-9578
-9250
-4324
-9142
-1205
-4237
-6402
-2442
9140
7646
-706
-744
-8403
-8000
-3766
-9197
1853
-3978
-6913
-7962
2630
-5711
6266
-7300
2817
-8486
3570
-3750
7894
2571
4206
-7426
2899
8259
-1124
-293
-4879
-482
68
1569
-8926
4096
-3863
7580
2281
1919
-395
3649
9330
-8156
2990
-4949
-4218
7227
-54
6133
-5516
-7025
-1960
-2719
2192
7348
-337
-3431
-6560
-3280
6356
-6663
3123
6527
5681
-7665
5954
1518
-9037
8533
8151
8685
418
-9102
1909
9920
-3080
6050
9581
-846
6791
5672
-1688
2743
-4777
-7854
-8523
-7214
9377
-6274
-5567
9567
4140
-4439
5563
-3733
-9474
-7197
-3838
655
-904
4264
6264
1413
7981
-4202
2556
-2858
5372
2271
427
3612
-3012
4285
-72
-9317
5025
-9621
1303
3535
-9143
3167
2140
7236
4100
8584
-5456
-5143
-4665
-4359
9394
-5883
-113
-1075
-9943
-7473
9408
6899
4762
9424
-411
4335
-2586
-2895
3298
820
2579
9854
5633
4879
1241
-9854
1499
2627
-203
5929
-7877
9027
7312
9397
-8746
-2301
-8193
-270
2877
-3690
-6275
8062
4227
-2600
-8725
8125
-4383
1879
-6055
-3478
-4248
-4965
-6063
-6720
-3996
-5310
-776
455
4400
9248
2617
7260
9127
-5872
-9596
-9620
9586
5365
8170
-8110
2527
7684
4228
-3012
-2906
4516
-4373
-1768
3603
3115
4529
9620
-1319
-6725
176
7087
5089
4032
3392
6563
8474
1351
5329
3629
3693
-3536
8934
98
-3004
-9106
8538
251
3709
-7946
3994
-1932
807
6949
6185
1488
9063
-9008
6851
-8716
-5282
2997
-1422
5852
3952
-6684
-4709
-4446
-8028
-8394
-6584
-8825
-7646
-9402
3295
-9370
5581
5528
-8765
2709
4576
-5723
-4089
-3374
-720
-7893
-3720
8140
7846
-8096
7500
7482
4499
4045
-1090
-9305
7886
-6918
6145
-6321
5603
2984
-1722
2102
8638
2819
-4287
208
-6346
5555
5906
-6466
9756
-5858
-3293
-9559
-2914
-8049
-3429
1845
7036
-2849
-2292
-9932
-5895
-4067
-3325
-1692
1688
2599
-7257
2499
9382
7556
7105
-8408
5999
3808
-2012
6461
6394
6071
4485
-7709
-4002
3966
7726
357
-2662
-1531
3608
5934
6510
-5700
-3357
-1548
-4724
-1790
-2003
2705
-3857
7404
8520
1055
2811
-6594
-5848
-7800
-2964
-4886
-5558
3278
3963
109
5450
-9036
2665
-4584
4070
139
-1793
6318
-9030
-6781
8990
-3191
5988
5081
912
-1347
6316
-2211
-4190
5282
318
8989
7551
-6570
-520
-7409
-187
5526
-6680
-7776
-5973
-9670
-8030
-3599
-1151
-4322
5786
9859
4139
7858
-5502
-175
6434
5300
2064
-3999
-2583
-930
1287
8382
-1203
6653
-2533
8680
9791
6461
-6587
-765
5936
1478
-9675
2680
2997
8745
9192
8660
-5162
-413
-3769
-4767
2867
6456
3649
-2048
784
-9507
-7445
-7750
1365
-6522
5173
-9257
-5762
-5063
3426
-2627
2863
-6711
-3391
2388
-7735
-3450
-6077
-7339
7532
1817
6827
7688
6108
3404
-8837
7830
-7162
-3947
-4485
2341
-6997
9514
-2104
9298
3906
-8838
7869
2458
6304
9581
-1558
-1941
-4681
1818
-4203
-8452
-7023
3843
-7032
-3684
2533
987
420
8967
-6335
-5134
-3858
7961
-7686
7343
7905
8184
9422
-8915
-5630
3348
5393
-2689
8482
-8897
-1319
1464
-3644
7951
-6625
-1232
2369
-5711
-2393
9614
4852
-1006
-6915
9199
9807
2015
-906
-1071
5633
-961
5020
9908
143
8960
-8324
257
-1363
-5766
-2552
2448
-3845
5666
5361
-8136
7635
-8932
-5369
2468
5591
4896
2497
-8148
354
-7301
-7509
-1090
5098
-9778
-8723
2354
-5747
-3536
1678
-558
-3917
-1227
-8679
-2605
6274
3117
-9869
-1866
6841
5158
3459
9185
3633
-8780
-8436
8738
-2616
6625
3337
-9264
6542
3167
-447
-2557
6469
2766
5158
-1586
-7044
5093
-1806
9690
-6012
-4082
5781
-1139
9747
7235
6194
-7527
4765
-5638
-4990
5196
-760
-6695
5276
3877
8658
-7462
-5031
-2372
3126
941
2899
2915
9219
3877
926
-6492
7959
1717
-4822
-8253
-3037
3768
5197
-2286
-4561
2702
8991
149
-9569
863
-4029
2180
-1844
4357
8203
3163
7490
-8720
-244
-9582
124
-9434
-3436
3047
3019
-7134
-358
-4131
-3692
2686
-5486
-6953
9183
-6738
-1768
5471
-1892
-2439
-1562
-4045
-6453
4820
-2803
-7737
-5031
-9282
-5242
-5138
5673
7762
-3982
6678
-8040
-5241
1623
-3603
-2796
-7851
4695
-7428
-6940
3121
-6160
-2256
-3652
-7077
2996
-5107
-3876
-7268
-4945
-72
2841
-6200
6871
5303
3369
-5699
-1923
2301
8107
-5221
195
-1454
-3332
-2164
-8913
4423
1639
-8165
-1734
-4042
2866
-4134
-7105
425
979
9452
5914
-7955
-2279
9864
8737
2941
2706
6089
-6164
8160
-2112
6319
3028
-7097
4072
-7606
-5536
8280
-7075
5293
-8924
8512
-8164
8572
3254
-5711
4465
9097
7061
-3025
-9096
-3555
-5677
3916
-1614
-3968
-5421
8242
-3958
7254
5839
578
-6001
-7074
-3465
5319
-1194
-4638
1886
472
-8599
-5385
-2501
5686
8376
7402
-9791
-852
-3390
4448
8475
3609
9027
6860
7255
-8558
1995
9111
4516
-1960
7814
-3778
2238
-4329
9454
497
4512
8910
2037
7934
5482
-898
-2790
-3411
-4426
6289
8946
-1363
5540
984
-4178
5430
1632
1593
8778
-7771
1551
-2861
-4329
-4908
-6677
-305
846
-6154
2657
5179
2377
-8172
6231
-2122
-7111
-8702
7110
-1325
8965
-628
-3602
2437
1286
-9035
-7504
-6642
-6429
-6468
-7783
-7617
4589
-9356
-3108
7224
8946
-2627
3239
-3055
4611
-4213
8256
-6636
3932
395
-6088
7117
2406
-2339
-1906
-5477
8320
-7044
2628
-594
5831
9113
5852
-5295
-7405
9965
-3876
-2687
-8371
273
-9411
1732
4936
9007
-1068
5516
-1941
165
4064
3178
1116
-6966
8505
-9109
7052
-4621
951
5909
5437
7693
-5937
1633
-1984
7486
-8607
9832
1520
-1467
-5651
4645
9662
942
-8265
-6342
-194
2179
-7819
3399
8729
2578
6464
-1846
-1109
9449
8290
2796
-9393
4961
-2348
7216
-987
214
1876
-6064
-3790
-1045
-6284
7449
7613
-901
-6004
9526
-4185
9419
3516
-9827
-8702
4847
1084
-5127
-6803
7552
7180
-7141
-8772
5908
-7259
-1434
9196
-1404
9225
6558
-9119
-2867
-4369
-553
9066
7799
7448
-9150
-1538
-5269
5785
-371
-1419
6938
-7661
-528
-4067
8116
1498
-4240
-6124
-7221
4018
1461
3034
-983
-7293
301
-3786
5150
8253
-983
-126
-2563
8644
8681
3787
-5932
-8894
-6501
7399
234
6410
8466
-8233
-2449
4277
-5710
3569
3268
-7367
-8921
7098
3465
2681
8102
3114
4170
6413
49
5092
-2853
4636
3312
-3523
-3233
9754
-8857
8293
-6343
5685
-8136
7009
-2002
-1639
3642
-3631
5552
-307
-4517
4739
8416
6731
2945
2516
7174
1919
6409
4755
-9458
-4433
9617
-2345
1057
-1593
251
5598
-6903
1988
4999
-2204
3133
-4003
-89
7583
-9232
-5931
-901
-4897
9039
1732
7562
-5524
930
5310
6675
415
-8310
-9204
-697
4848
-6655
-3612
7750
8090
6067
4209
-4048
9590
8109
8044
-6729
-6437
4693
7687
-8395
2418
-3181
5361
1747
3104
-7181
1305
5716
-1191
-1996
5140
6724
5747
1731
9836
3907
-7699
-7315
-9849
-5550
-3255
-1754
1821
-8484
-3442
8117
-492
-3006
-9005
-1539
3998
-218
3243
3704
-5743
-6404
-3672
-952
6198
2028
2040
672
-1060
85
-9074
7484
204
-2141
8273
-5864
-9030
-9122
4542
3236
4859
-5829
4998
3845
-4811
4987
3310
-5690
4720
-9652
4006
-4642
-6519
-7958
-2526
6240
-2422
3253
-3514
-1877
2410
6073
9306
-8264
-9411
-927
-2088
-8351
-1279
6858
-2509
3119
5240
-9994
8845
-9915
-1402
2483
-6142
-8790
8717
-2271
5951
-1408
6078
5568
4003
-1839
-9616
-7967
6558
-2284
4391
-3582
-9174
8786
-5135
3261
3256
6115
-2926
1661
5589
7861
2857
-9113
118
-6525
-6803
-2611
-2359
5095
-606
-4724
-595
-5320
-9878
713
-4343
-4979
5070
9750
-8735
-3312
-9700
9774
8728
-1179
9179
-9942
5219
5336
9226
-2257
4136
-2944
2139
8089
5735
5191
-4550
527
-5036
2994
4391
-8537
8322
-885
7013
6145
8664
4151
-2396
-1765
-8956
-2677
395
-1099
7561
3082
-7841
-8704
-5705
-6862
2169
2305
5868
-8350
1139
-7651
2540
-7968
4978
465
9570
-5457
4786
-1730
2296
8836
-8549
-388
1808
-6967
-8606
-8933
-2269
991
-3301
-3188
6660
-6762
-9473
-7348
3032
-5847
-3768
-8175
-9175
-7915
-4406
6672
7975
4663
-6395
6631
9173
7138
-1336
6500
2537
-7876
6604
8724
1630
2546
-512
-8739
-8256
1101
-5426
-5124
4950
-5673
-4311
-698
-8496
2325
7433
5417
8311
2961
-2555
211
3241
-5221
1636
7145
9428
-5237
-8106
593
-7673
198
4275
4535
-3367
-8198
1021
-9515
4664
-5030
-9919
-277
7511
-9282
-8279
3648
-1026
4302
5126
-3153
9704
3246
8189
9575
4679
-3607
-4518
-3150
-9090
2343
-8168
6980
-793
3980
-7451
-5249
52
1153
-7331
9701
-8697
6948
-9248
3340
2880
7722
2699
2523
-6942
7988
-1830
-4874
-364
5046
888
-920
2009
4699
9856
-9761
6320
-5830
9575
-7679
-6863
-6900
-9485
-6470
8169
6969
-6405
7820
1633
5424
-4456
-7244
2493
-5152
-3306
6956
3694
2959
-6208
-7079
-5828
6706
-2657
4161
-6908
3468
2742
5352
1296
-7571
-6619
7133
7372
8431
203
-220
7206
-832
4354
-3911
4392
350
3492
4211
-498
-1869
6587
-2840
-1995
-7100
-3455
-6640
-9622
6653
8148
-3569
5756
-3646
-9563
-5300
-5774
-1757
-3477
-796
2042
-1590
-4616
4061
4645
6914
9749
-5475
8604
7703
-1472
3822
-6787
3131
-5341
4961
6881
-4418
-2654
-1604
5883
-9979
6754
-9282
-9717
-6229
4023
852
-1270
-347
-8138
-3851
-6174
-5712
-7831
-8909
-7253
-7475
2514
1090
-6850
-7980
-5245
-7325
-1875
-5674
-6783
-7376
-8305
-4524
-2181
8643
-9104
8127
3320
2021
1656
-5335
3778
873
-7109
-1103
5794
-1050
5840
-7621
-5
8925
962
-6433
2213
4356
3068
6255
-4754
3863
5265
4079
2593
5957
-9446
1398
-843
-6746
-8166
-6782
-4748
-4301
967
147
-565
8081
-1253
-8360
-1801
4252
-3774
5805
-3166
-4255
4330
-5709
1662
8127
3263
3463
-4425
-5360
2880
9456
6756
7576
2072
7820
319
1492
9740
2540
-2884
2622
7127
-5704
-2043
-9185
4132
4131
-4391
1428
-1944
993
-2363
9460
-2755
-3153
-8374
6263
9736
1030
-9
-1629
7643
-9389
2818
1511
3390
1858
-3991
926
1321
6707
4512
3685
-1312
4212
-1382
34
6333
846
-6006
9131
-2147
4146
6584
-8114
1819
7296
331
-4776
6193
4055
1756
-1291
-7451
8744
4978
6515
1477
6446
-2575
-7726
-1879
4682
-9893
1348
6481
3951
771
3032
8229
1592
9929
-1111
-2965
859
-9483
-6504
-5973
931
9691
6093
-8473
-9215
4732
7265
-5050
-4198
1136
-56
9233
2102
8556
9887
-6579
-8280
1009
3171
4039
-4765
-4595
7868
-3475
7298
-3006
-5399
4126
-7133
-8327
1689
8226
1482
2488
-9455
6755
1331
-9254
-2664
9950
-7159
-3602
678
-7186
-9174
3799
-3873
3036
-9958
-4533
-4685
9850
-2654
-544
8791
-4475
-8177
-432
-5771
3791
131
-6861
-7917
-5871
9447
1717
-2249
9614
8010
-6868
2090
-9027
-6327
3220
1197
8837
4727
5053
-4302
-6501
-9133
1564
4084
7399
6358
1838
880
-7975
3697
5019
4932
-8237
6517
3544
-181
9702
-5686
-3452
-6633
-891
-3953
-3488
5025
6910
3376
-5658
6177
4126
8259
9953
798
-3231
-6131
-9271
2924
8566
-945
-5317
-2230
-2392
-9163
-4274
-4083
-7010
-1801
327
-5545
128
-6600
1495
4522
-1822
1686
6589
7452
4354
6539
7174
-5978
2016
5661
6753
-6235
3743
-5779
-1837
7893
5787
-9381
1253
647
9631
8778
5758
-1729
-9680
-9405
2034
-1290
-6951
9886
-3952
725
-3236
-4569
-7381
5082
-2721
-6723
8570
-7974
1881
-9340
5754
1946
-5917
-8040
2174
8768
-9964
2433
-1332
-491
2147
-9153
4891
-600
5928
-1682
7131
3758
-5496
-1537
-9027
2130
-387
-3973
7001
-1689
-8398
3080
614
2510
-7951
-774
8766
8970
-6977
-6189
-5813
8360
-1579
3266
-1327
615
1218
6539
8578
-4084
540
3218
9153
8961
-3854
-5189
7522
-6583
9687
-6376
-7667
8055
-5042
-6138
7166
-3044
-8181
6157
-2541
-7080
-7920
5920
-3623
2116
-5870
8771
-4664
1238
9790
357
-9088
3074
-2551
1085
7771
-1616
3926
1652
-3636
7237
1704
5349
9282
9399
-8523
-3868
3401
-5441
6100
-8283
-1204
5060
-921
5658
-6165
4619
-3159
-2963
4831
-2625
9474
-3716
-6374
-670
-7288
-741
606
3873
-3910
-1219
3029
166
-207
222
1215
-3269
6637
-3023
638
7998
-4631
-9223
5137
8073
-8439
-4149
-6006
1790
-2751
-6849
-8457
-3111
6821
8988
7762
-4580
1723
-48
6687
2218
5525
9527
8468
-2682
-1313
8629
-4734
8857
-5558
7104
7982
9863
6398
6832
-7995
8697
1146
-4448
-2232
6860
-4736
8815
-3376
-7061
-2762
-3861
3345
804
2459
-4205
5008
-3316
290
8420
-7528
-4159
-7691
-2181
-615
-7069
-9415
-4863
-2653
145
-4832
-8321
491
9988
6983
9065
4273
-3830
-7816
9826
-3046
6709
2903
5528
-9921
-7453
-4716
4462
-3603
8647
-7905
1297
-428
7977
4360
6164
6388
-6674
6166
-5164
6275
-9874
1467
6479
7770
-4441
5648
3356
3821
3394
1521
-1162
-5500
463
1466
-4237
2937
-3220
-2260
-3163
7647
-3878
8739
-1300
-1951
3871
2107
2513
-4372
-9181
-7324
947
3
7347
-6449
-3173
-4759
6424
7758
4520
-3101
1928
-9360
3003
-2874
3257
-3203
9108
-3489
-1404
-6774
-392
5586
-672
-2811
152
-8614
-7233
-1571
-6101
3452
-6866
-2273
3002
717
-9426
8834
-2847
-3088
-5361
-9479
6513
-979
3219
9938
-4281
-4518
-4264
-8426
4791
-2927
2998
-3998
7031
7593
3068
5360
-9326
157
3399
-4560
-7526
-2006
3858
-8932
-6235
-5800
-2362
-7714
-3449
4422
9643
2196
-8128
-1925
-3288
-9414
-7633
-610
-8530
-5331
5650
-8808
3638
6825
-9547
7131
695
5409
7648
-4787
8160
6995
3512
9198
8046
-1482
5163
2151
6172
-8482
7844
-6551
5022
-9632
-2571
-9199
-5870
-1045
880
2482
2993
1283
-1313
-1271
-211
-8719
4356
7032
-9386
-3366
3505
2228
-5362
-8662
6262
-7353
8683
-7327
29
8194
-4577
215
3218
9952
-3175
2200
-3830
3269
-605
9652
3000
-8261
-5471
-4834
2220
-3124
-1692
-5217
-591
6764
4162
8130
1536
-462
-1988
-4385
8811
3684
-5894
-5219
-7882
-8543
8926
2685
-2941
-7223
8065
-1265
-8097
7588
5111
-8914
-2364
-9038
3633
1766
-2301
9471
-882
-615
4339
3900
3264
3264
-5969
-2707
8678
-6321
1939
-8791
3389
2485
-837
-5386
7534
1543
-7187
1843
8107
-558
-1189
9573
-7121
1820
-8347
3075
493
574
5905
6246
7916
9339
-5434
4721
442
-1782
-1807
-4339
-1347
9766
-5902
4385
6795
-9307
-5801
-7375
1923
-6978
-6573
-7911
-1048
5856
-8636
9676
-9427
4765
1020
-8557
1611
956
6799
-1896
-2226
5692
-6707
4049
-2081
4442
4171
-684
-6650
7151
-6811
8341
-4657
4426
-7223
-7815
-2380
9027
-8848
-2530
-2854
3815
-2707
-7940
7974
-5110
4147
5677
7197
-3251
4049
7697
-7034
5994
-3390
-8897
7400
150
4705
7481
-1149
4111
8739
1801
2666
-6977
4332
-3853
1987
-1166
3823
2584
-196
-671
-9043
3959
-1602
-8767
6074
-6971
-9706
8494
2118
6600
-6898
-4509
5374
-652
-2184
-8326
-5215
7469
-5679
-6330
8619
3035
5075
5492
-607
4950
557
-2000
-6311
-1637
2926
-8536
-2107
3637
5037
2650
2704
6166
4076
1676
7186
357
-8007
-7861
-1302
-2826
-2351
-5017
8330
313
-5952
6353
-1737
-3867
709
-2078
8884
2905
1840
-8877
2472
2294
4804
-6245
-6326
-8363
7598
-8263
4311
5165
-1031
-1382
-6607
2645
-3517
-1739
1041
2936
-3207
-7782
-2699
-4427
-331
3376
-5686
6572
3201
-8241
-7073
-2885
3766
9798
-5674
2952
9203
-5108
5552
8238
8464
-2939
-424
-4088
672
-6835
-8657
5430
2960
5617
9650
-7553
6880
-4053
-3888
-379
3821
-3102
-7376
-8572
9440
-2898
-1565
5839
8809
-2804
-8602
-830
-5708
440
3441
-8410
2709
2803
4471
9732
2642
-8611
4901
-3497
2032
-1116
-6389
7584
-7891
-9521
234
-2181
3686
4705
9130
2305
-7732
4123
8797
1362
8626
3737
-2898
-6524
-8233
2173
1137
-7481
-7824
8059
-262
-5924
1475
-3621
6979
2432
1997
6120
-604
556
-6510
851
3729
8330
6961
3579
5483
-413
1309
-8864
9322
8585
4006
-6891
-8895
8904
4287
1425
-5264
9859
7746
-8908
5408
-5950
740
-3842
6343
-2694
7725
-3302
-9692
-3853
-5273
-1759
-2128
-2225
-9993
-1229
-3486
-1812
6689
-8450
1209
-8960
8736
1152
70
-1634
-4726
8074
8145
-9428
1384
-463
2809
-7602
5442
-321
-2411
803
7235
-1823
1861
-5389
-9173
3174
3858
-4236
5237
3330
8897
-4485
-5090
6547
-6830
6195
-118
4368
-4687
9588
6087
-2024
-7968
9650
-1447
9736
4763
5189
5431
-4527
2332
327
-8818
5711
952
-1488
-311
-3402
-9788
-4439
7294
-5695
3129
1943
9177
2629
5661
4836
-3633
6614
2515
-8926
-5634
-1999
4715
-741
-3856
2210
6058
-8909
8411
8668
333
-237
-9002
-1431
-5667
-801
-4405
4657
-3494
-6717
4155
9751
-7707
1781
4847
89
-9527
5923
-5926
9926
-1178
8816
2958
1257
-4039
3181
-9005
-8308
-7632
7478
540
9120
-2851
8625
3972
-6634
944
607
-1704
-3538
-760
1709
108
-769
-3081
-5386
-4293
-7066
4412
6054
1736
-9866
7017
8485
-155
1516
6805
-259
-7392
1151
-1797
-6098
2289
-973
2743
5035
2601
-6332
7809
1481
9145
-134
-2373
7611
685
7113
-1292
-6274
-5662
-8653
-2527
8061
-2720
-3687
-4259
405
-7898
-1336
-1220
-7545
-3439
-8797
-2001
7144
8259
-4662
9419
-8920
6488
1883
2012
-7961
-4876
-7069
6909
-8130
2507
9405
-2201
2732
-7192
3078
-4597
-8739
-6323
141
6622
-4024
-6715
-7663
2932
-6063
4888
5353
-5080
7942
-8133
482
9352
-4653
7693
-2372
-2762
2454
-666
-4566
2936
-5651
-597
-6129
7898
-7303
-9136
6047
9647
3482
5799
-3262
3466
-1883
-1284
3443
7794
4150
8951
-1925
-2849
-230
8010
8967
-9998
-7976
-9947
-7549
5038
5179
-4160
2949
1926
8243
7204
2272
6572
9413
-5561
235
-6928
8840
5706
1437
-7858
5129
7016
1235
6631
-5750
-167
3088
3503
-8741
8283
-6834
-3662
436
-6131
5874
-7356
8413
-8991
-5533
-2358
-7150
4811
5223
912
6443
6870
8381
-290
-1284
-4998
-1690
4064
-3427
6824
-5127
-4993
-1182
-4180
787
-4654
2751
9446
667
9959
4038
-4067
-3864
5544
-1436
-2410
-5341
7830
1238
-6205
9292
-9683
-8207
-9678
-9812
-2620
1451
-6623
-5213
6256
-28
-899
9765
3611
8995
866
3826
2593
221
9120
4890
-6596
-5856
5263
6873
509
734
-7164
-8854
-8875
-9657
479
-7175
-7223
7532
-5445
-6786
-1505
-4369
-6593
3894
-626
4659
4410
-14
-5063
-3832
2524
6548
7697
3764
2066
-2392
2117
-1096
5888
6173
-3471
-6552
-322
6645
-1385
-7769
-6339
5912
9492
-3725
6987
6078
4440
-2348
-4670
-3039
-3186
-4775
-4484
-1255
-267
-4723
1936
-5659
8209
-3712
-6552
-2640
-1723
-7130
707
3872
-8356
-1619
6684
-4954
5953
-3239
-4721
-2858
997
8497
493
8661
-820
6445
-7893
45
-1566
-4896
-9206
-3108
-6612
-2858
-3560
-8748
1511
-4664
8436
-7674
8783
6301
-2365
6622
5567
-6885
4434
-3942
967
-9717
1007
-9947
9945
8373
7748
1235
4783
3275
5161
-8236
-5820
3403
8926
-6828
-7924
-6185
484
4501
-8059
5432
3534
617
-1675
-7047
-1641
4695
862
3871
-6907
-3935
-7989
6049
9077
-1850
4097
-9260
-3054
-4985
-606
5205
-3531
8236
174
6672
8146
-4621
7375
-5537
4545
1752
2630
9932
-5883
5535
-3252
-9611
1728
6992
13
-6948
-9627
-9089
181
-904
9752
-1869
4325
775
-926
-8664
6869
-4532
-4893
-3265
-1037
5298
-9557
1653
-5194
-7021
7319
-3601
9326
1341
3434
-7921
1931
-6458
-8599
3708
-989
-47
5001
-3658
4831
-4443
-1945
-8922
6919
15
1054
-3401
5388
3208
4882
-2838
4825
7381
-3429
1450
9946
-9925
2186
-2967
-4268
3973
-8415
8839
5662
7672
6199
783
-626
5366
2325
-3085
467
8764
1903
-6595
-2758
9365
4733
4791
1925
720
1010
-3883
6458
-3728
-2746
4549
6970
-50
3761
-1065
7767
-2033
-9391
-9142
-6028
-785
-4585
9246
3815
-9729
7225
-9979
-9117
-2033
6694
6060
-4523
-6834
-5793
-9419
-4658
7395
5108
5012
-7037
5467
-7619
-610
418
-8350
3812
9423
-8395
-6611
-852
-7501
8155
1045
9433
8027
3949
5486
-9025
1654
3494
989
-4766
-1509
-423
1194
-929
3804
-4258
3180
-6407
-9628
2859
-4404
7895
-1496
-3166
6025
-1173
2164
-3542
7801
8416
7494
8818
4195
7904
4432
-6268
-3820
-3369
-145
6419
-6546
-8483
1973
233
3889
9813
9224
2579
-9992
3680
-1576
9795
-1224
-360
2558
3150
929
1193
7923
-3342
-1190
-4805
5693
2572
-2261
-327
5381
3289
4639
72
9562
-3452
3737
-6048
-595
-5921
-4079
8270
2944
6212
-397
9585
-3550
-5879
-9
7698
42
-5445
-4655
-8719
2802
4987
-1292
-6804
-2392
8258
-4176
9400
-7507
-5784
-5569
-4065
7939
-65
4118
-8124
-3942
-5177
-9766
-1521
-2771
2658
8248
-8289
7055
-775
8744
1572
-7420
41
9631
825
-2057
3358
7269
-5425
7840
540
6344
1146
8254
-3480
5777
-1272
1780
-6332
-8354
6514
2
-1885
1640
-4782
-5680
6866
4051
-9856
6739
-3003
-3859
8383
9513
4252
6820
2452
-5415
3605
7991
-5419
2666
-457
-5965
5517
-1521
-912
224
-9291
6881
-481
-70
3387
-2421
-7770
-8431
4464
8401
4412
-3495
1077
9306
7125
-2165
843
-5601
7960
1632
-5998
-300
-6675
-5857
8175
-4324
7064
-6153
-9541
-5920
6122
6738
5232
-3359
3342
-6738
-2781
7066
2754
804
7283
2683
-7645
4050
172
-2900
-3086
-4725
5541
-8293
3192
1118
519
7455
-3778
1008
3556
-4625
1754
-2290
514
8382
-8891
384
-7722
7674
1272
-5565
-4037
3862
-9384
3776
1644
-2844
4349
1319
-2655
-726
3971
1074
8761
1789
-1694
8752
887
-4996
-3781
7777
-9581
-7666
-294
-8157
-4689
-4957
-9711
8900
1573
1970
1771
2497
5827
-7521
9311
-8322
-8910
9416
9473
-6637
-6895
4902
-6337
-5719
1404
-9320
-1051
8725
75
-7643
9497
7274
1455
3495
-5985
-6371
-5844
8772
-1536
-3399
-3134
5448
9746
5374
7502
-8527
5246
6282
2477
-3373
7661
1471
-4470
-7144
4671
-4483
8670
-4576
439
-5369
6094
-8436
-1175
-785
2472
4497
-8958
-7668
8464
5681
7522
-7682
951
2872
6496
-2343
5156
-1712
-3222
-70
-4567
2666
-3753
-6553
-5304
-1975
1744
-1402
8823
8498
-5041
8731
-1667
-6167
507
-4699
-3377
531
-7099
-6995
-9570
2913
7817
6796
-895
5342
-9480
2658
-3641
-2986
360
381
8645
-9492
9198
-6573
5316
-4623
-5482
-5554
-7248
2443
-6491
9966
722
8791
3984
-2882
-7635
1195
-8967
-5375
-4614
-6227
-501
2519
4849
-549
4342
-646
-2495
9085
-7761
1809
-1863
4577
-9915
-2176
-5366
-2921
-16
-8755
-3988
8454
-9748
-2013
-596
7851
-3927
313
-8642
3401
293
5164
-4020
-4266
-5005
4872
1009
-3322
-1422
-4135
1034
5164
6941
-6333
204
1699
1828
6145
8705
-3840
-7517
5285
-8790
9787
8612
-3069
-6480
-8488
-6886
6997
-6623
-5972
-2005
4103
-1208
-2925
-4172
-7598
-419
-4787
6815
7956
8501
-5881
211
848
-8487
6585
7782
7704
-3977
-72
1608
5198
918
5008
3954
-3808
-2878
8063
1351
-504
-6436
1580
-7512
-2995
-2832
-7163
4875
-6871
-4129
-575
-3437
3492
-656
-5473
6783
7090
-424
-2236
-4583
-3065
-6271
-4591
973
3448
2420
2797
-6815
3784
3120
9636
5280
1518
3861
-2681
4392
-3080
-8370
-6795
-6320
8676
-8290
4653
1833
6598
-6635
8116
-4147
-3609
8224
6863
6616
9357
2645
-5584
-4234
8154
-9393
-961
4585
4370
9651
-8910
8
-3765
4144
5045
9630
-7975
134
-138
5460
-3629
-5916
-3259
-4776
-924
3576
4375
83
4304
-3056
6793
5559
6257
-6980
5923
8872
-556
-8448
6238
-3687
2590
-1381
-691
9024
-9381
-5355
-4402
-7547
-1680
8485
-6172
6256
-1639
-8598
244
5273
-4096
9191
6690
-5423
-3769
8956
-9719
-2574
-7142
-4469
3750
-6785
8221
6172
185
-9528
3896
-6451
-7131
7751
4774
-2284
-5395
-5569
-2022
1922
-8237
5818
-6885
-9464
-2802
4854
2775
-9350
2968
252
-5138
1660
-9918
3634
-1662
-8118
6166
5087
894
-7617
-5768
2147
-1701
-6644
-7640
-5188
8533
2493
-9502
8187
4586
2258
6599
4309
7193
-5538
-5689
-7679
8333
8896
439
7571
-6796
9932
5609
-7764
-6533
-765
-588
2891
1549
-483
3536
-4406
-2311
-385
-2481
9758
8176
-7615
6321
-9719
-9849
4780
5666
2603
5061
-4228
6440
-6124
7571
3845
6754
1998
1943
-3339
-1057
-1634
-2254
-9876
-8656
-703
-6920
-2394
-3362
-4932
8721
1004
-3381
-2422
6943
-5448
-5856
5947
-7426
157
7419
-1576
-5734
-6995
-2825
7694
2794
-4464
5320
7704
2763
-8462
3651
-8972
-9328
9152
2011
8052
-8959
-2977
7201
2545
-1858
597
3882
-5944
9153
-1138
-3068
3019
-300
-9194
-577
-8215
-759
-9482
-5900
-5259
2949
-6350
6503
7544
2286
-1067
2305
7183
7353
-4410
-3095
7791
2540
-3909
4906
5551
2956
-5126
-9718
3668
-877
-6882
8540
-6068
8603
-7700
-1997
1956
2115
1865
1787
-9847
5052
-2730
-4897
7390
520
9656
-9741
9208
8291
6699
-3297
3563
-8044
-859
-9522
-6391
-4100
3871
-1172
-5633
-9764
431
5617
-170
-4891
2570
8940
-15
-9070
-9651
-4933
-4513
3803
-3249
-7262
-4731
-9012
7515
-4969
3300
-5385
-8926
5377
2424
6415
-5023
-8025
-539
-8178
-5606
-3945
8243
-6963
-2580
9917
-5380
1653
5273
2280
7949
-9284
273
8277
7942
1631
-8784
9760
5205
-3598
5208
-7380
-1616
-1160
5528
9751
9162
5054
-6807
3415
-9868
594
-522
-1838
6536
4294
-3176
-7550
-3618
-3166
8118
3616
-4285
-4765
-2919
2583
4341
-7204
7434
-9207
5199
-4783
-3230
-6941
-3387
-8227
7670
-597
-2492
-2332
-9245
-434
-1540
-8142
2148
-2646
1237
-7890
-8260
-6352
-5194
8765
3377
-1630
-1716
-8409
6905
-6851
-8242
-7056
-4590
6365
7619
-7601
8215
4915
-6176
-3581
-8451
4763
6623
7421
4941
8714
-3921
-1449
-4844
-6143
3087
9726
-8654
2230
-8945
3786
5986
6433
1839
8399
4774
-4979
-5133
4521
-2356
-5437
-7742
-5611
1946
-3940
-6358
7232
-6470
-5183
-9439
-3023
-2976
-2615
-6176
4663
-7709
9732
6435
3048
61
-7969
-8402
3179
5309
-6168
-3587
-8218
-6925
-4576
1645
6527
-105
-7899
-224
377
6456
-8311
6605
9096
-9786
5854
6196
6528
1668
4078
-3238
-1400
2608
7176
6107
5041
-1414
1819
-5541
-4387
-7035
-922
-920
-1886
9646
-8141
4157
8106
3172
-5966
7082
-5077
7609
3446
8206
-9398
-6873
7338
2833
4207
-4165
-4931
-8490
-8769
7070
7812
-827
-4102
-684
6603
-2060
8076
7641
-5837
-2588
-2623
2608
-1510
9449
8354
-8303
8090
-6644
-2366
6995
-8162
991
9162
8970
5505
1913
1248
8985
252
9777
7896
-2433
-2152
1043
-8166
2686
-1741
-1211
6568
6094
9006
-2719
3446
-3967
829
-2007
4636
7888
4478
2510
-2255
-8288
3876
-5765
5231
-3179
10
-3072
3811
-5311
6692
9090
-2611
-5615
-484
9809
-5240
7446
7615
-4332
3437
-700
-3213
1540
7989
4557
7544
3128
-1859
-2489
7276
3359
-5494
7742
2032
6183
3691
-6387
5812
5012
-7325
-8670
4978
1879
9401
9915
9892
-940
6517
1019
-6767
7190
-9727
-1190
9072
8444
4925
-7665
-3754
-9326
-723
6882
8787
-3701
-2588
-6667
4584
-354
2353
3333
-3882
-8854
-8366
-7397
-7007
2107
4322
4908
2138
8073
4664
-1517
6610
7121
-5722
-9914
3085
5695
8670
3587
-8742
1355
7367
5137
-4266
-4208
-7457
-1322
-5534
6068
-4669
245
6707
-6816
-5100
-7914
5555
7670
-4184
-3035
-5878
-9984
196
-1828
-3991
-9207
-9729
-8335
-7980
-2675
247
8888
976
8766
2074
4762
-6221
-3503
6868
7200
-437
-4357
442
6070
2742
-5581
1776
3426
2221
-7809
-5469
5415
-122
1704
-536
-8759
-8842
-806
-872
-5059
-4479
-9122
-3342
7140
-4179
-3558
9268
7940
1109
138
8307
-942
-9199
-1384
7402
8479
-426
4126
5429
-8410
-983
-3155
-557
9829
-7206
4831
-991
9272
-699
833
3603
4584
7369
1926
1678
-1316
8985
3301
248
-3700
-4850
3835
-7684
-7918
-6116
5473
4614
-8738
4302
985
1666
-2968
3765
-2463
5924
8676
1434
-3172
4346
989
7432
9996
-1361
-9724
6535
-6278
1689
-1126
6937
-1283
9493
6273
-6122
-871
6439
5181
-5472
-2639
5945
-2680
-9783
-2253
-5031
8316
9166
-3429
-9181
-169
6002
3002
7249
2156
8954
9258
-1133
-4847
-4804
-7960
-4453
-9839
-6216
-4261
-5676
-4416
1491
5393
-6847
-5364
1097
-9258
4147
-5927
883
-2974
772
-315
5027
322
-8891
-37
-7097
-8143
2872
-6066
1468
-2663
7318
-5381
-9739
1286
-15
-7512
-8187
5783
-6464
4477
-6578
9384
-3176
-6228
-6583
6182
8733
5259
8855
3175
-8728
1928
-1514
9181
126
4873
-9070
5583
7257
-8074
2866
-9611
4116
-5846
8074
8534
-5626
9811
757
1658
-7741
5099
-6511
6294
-3737
5642
-6502
7337
-3454
-3280
-6877
7613
-4921
8292
-3936
-4610
6133
-8920
-8841
5111
-8442
-3771
8526
-8391
-8389
-6968
-4733
-7331
-4303
-5117
1808
8922
-5499
-2804
916
-3827
-1562
2191
2918
4483
1374
-6407
-963
536
8803
5253
5310
5824
8090
2684
-7599
-6706
8651
5645
100
6030
6573
-8120
4683
-6769
375
-9171
1639
-8337
4912
-5799
3111
7883
-2624
9890
6951
-6059
-1838
-3324
-6264
7965
7192
-2010
-7194
-3643
-2278
-557
-5422
3013
-7519
-1487
-9730
-1145
7096
4886
-401
-3443
7508
-314
-5892
545
1953
-2626
5623
4602
-7858
7426
-1552
8199
5733
8459
5132
1975
1909
2134
8837
-1417
9074
-1674
5508
-9068
6250
8625
9181
-3602
-6070
-5745
-9213
2490
291
393
-3567
8475
-7433
3191
-3989
-183
2366
-1797
-5786
295
-9006
-3622
7279
-5978
3381
-1705
6946
-5039
6048
-8984
-2517
-819
4178
-6824
4295
3327
-1807
-775
672
7886
6639
5958
-2092
-4661
2026
6657
-593
8717
-3877
-980
6216
870
-5889
-4788
9937
-129
-8654
5158
3017
5634
-2691
5825
6441
-726
-7090
7251
-5704
9391
8895
2683
-8376
-6859
7531
-3673
3656
-4964
8470
1940
1995
6724
8887
8228
8838
-2972
-5200
6612
-4930
-1035
-6761
-5577
1981
3034
6208
5037
577
-9187
9516
8634
-7571
4775
2360
16
9822
3439
-2605
3075
3338
7783
1556
4900
1401
-595
-6837
6292
6747
-920
6987
-587
-5527
-3703
2181
5331
6152
4472
-9299
-1411
-3067
-7506
5750
2842
-4480
9835
-490
7220
-5636
-1130
8406
-4601
9632
1724
-6726
-2714
7408
-1662
3021
-7424
-129
9915
8289
-8504
-6174
102
4160
6132
-7406
7028
3864
-4651
2737
8806
-3858
844
-7967
8714
-620
1566
9894
-4058
1928
-2124
674
1588
-219
2748
-6977
-5106
7922
-2187
-8550
8125
8718
-2983
-5795
4253
-985
5417
-4326
3378
4626
-2665
5005
3057
2661
-9174
-4418
2429
-4747
8694
8957
-8545
-7319
-6072
-2013
412
822
2238
-9679
-8588
3108
7699
9106
-3949
-6102
4612
-9913
9124
-3362
-2221
-302
3963
-4109
-3485
1316
-5408
2871
7617
8926
-1046
-2834
593
9641
9227
-1145
9995
5444
4789
9030
3792
-6569
6777
5095
-5738
-9730
6926
-1771
-1046
-842
8048
-9262
-3543
-4209
7474
-1004
-5006
5563
6165
2612
-6606
7541
3205
3311
1366
4245
-7485
8058
9878
7195
-6097
9168
-4702
-9906
2846
-5652
2920
8867
-8371
-3755
4389
6363
-6084
-1542
-9122
-1784
-9292
-5198
-7833
231
-6140
-5568
9278
-7824
5635
6250
225
-6535
-6271
16
7755
8868
-1649
1758
-4745
8880
5440
-3637
2944
3125
6076
-3873
3933
-80
8223
-2969
3625
-5254
2433
-6850
3537
7712
5891
-354
3335
9471
9889
-6879
-5541
6595
4122
-546
5137
1612
-1510
5521
-1989
2157
-6797
-8003
2775
4345
1857
-959
4155
7732
498
-642
-6047
-1397
-7375
-4522
1032
-9422
6479
-9958
-7023
8704
8423
-4216
8990
2319
-8097
6348
9003
-3379
989
-7679
-8571
-7298
9020
-8533
-8457
436
375
9191
-4146
-3151
5491
5602
-1028
531
9167
5856
3970
-1357
8422
4559
5133
-1553
2543
-693
3733
7419
-6994
-9544
2441
5509
37
-2467
-3257
-1823
-2072
-8749
-417
-8843
-6065
-9404
203
7287
4187
6127
-6788
-7179
6811
-1541
3151
-3953
-7622
359
-1801
6430
-2813
2981
158
-288
-2267
-5877
-2571
-82
-3250
345
6811
-2042
-1141
-9205
-7398
7915
-3728
2812
-5293
7825
-5645
7845
4260
6416
-3906
912
-9392
4546
-2696
-3606
3131
9678
9334
312
-9011
4946
1093
9870
3423
9811
3166
-9716
537
-6158
9315
5254
3962
6015
-4144
5236
9774
-435
-4349
373
2074
-658
8721
3741
-6383
6821
-6485
2882
-7386
-9645
7214
7133
-1377
8546
9806
-2344
-3179
-3598
9388
-5104
-5341
-5929
-2692
418
7101
840
6950
-5407
-1310
2068
-3381
-6435
4026
-1039
8238
1647
6225
7352
6252
6602
6296
-9717
7670
181
-3373
-7819
-3370
5415
6208
8200
-1586
3372
176
-9245
-4287
-1997
-7967
-1697
6639
2777
9871
8922
-5808
546
3736
3648
-6894
9662
-9692
-1841
1430
-531
149
-7214
-1401
-5625
-3600
7127
-6210
4920
-5791
-8466
-1616
489
-6347
3247
3389
3271
-6753
234
-387
-2078
-9288
-6525
6730
7374
6091
-2876
6444
2979
9074
-3032
5107
-1952
-3231
8945
-6778
-2611
2155
-8663
-8398
-5094
-5488
-8281
-1433
8336
537
3702
-3108
-9512
-9741
-165
6414
73
8546
-6492
-1244
-3326
-3945
1225
-1716
9276
-9318
811
5845
7240
-3573
-9665
-6281
-5292
24
-4001
-8885
-8091
-1368
-5293
-6591
8993
4907
8394
-3164
-7612
-9769
5956
2719
-762
554
-4967
-498
-6739
188
6548
-8666
-9070
3053
-7674
-5776
3701
-4126
1327
1909
201
-17
-7817
463
4259
-1280
4504
-8559
3839
-9901
-237
1766
-2339
-5611
-4104
9044
-5274
8091
-3394
-3315
-8606
833
-9542
4519
3476
-5335
-9816
-1144
-3695
-9517
-293
3118
-6421
-3515
6634
2405
8047
-4508
8459
-9483
6050
-6408
5663
-6838
-9575
-5219
3672
6541
-2844
-6719
9498
5610
9267
-5359
514
9368
-476
-2336
6987
-406
-1464
-4353
5135
3356
391
6644
-1814
-8825
-2246
3491
-9004
9233
9631
-3911
635
7801
5170
7296
4094
-1306
992
-6357
-8301
-6976
-9015
4097
3851
8938
5970
7266
-7120
383
-1496
-1135
1981
402
-1544
-7693
2771
-6220
6594
2496
-1214
3665
-7715
-9736
5978
3178
4006
2712
-5802
2228
3569
-1707
8602
-5108
-6053
2111
2371
6293
-7207
-752
-4795
488
610
612
729
766
4107
-9768
-655
2862
-5476
314
2099
8495
4857
-1966
-9262
-9280
8119
-9327
-5068
-6743
3068
652
6814
-9789
263
-2911
-3546
6345
-64
6477
-9013
-2654
-2709
8297
-6945
1672
-466
-4788
9070
3773
-6633
1335
-2297
-6746
6193
-9894
34
5913
1372
1650
8173
-7881
-5684
-8052
7420
9958
3798
518
-9497
-2983
3777
2999
-7074
-1954
-673
-5248
1204
6559
-5022
-935
1185
2907
-8398
1158
9889
-8267
-7052
3559
-5983
156
7054
541
-5028
8285
8303
8867
-6970
-4657
-9123
-6904
7874
9016
-5292
2052
9995
367
-1592
9656
3927
1440
-1099
3475
934
-7693
-9536
-4734
-9484
3157
-7942
5687
7009
-9762
-3500
346
-37
-6764
-1974
-5360
-258
459
-8278
-4139
5682
-8119
1190
2168
-1802
-451
1163
-479
3324
-6709
9631
2576
-8745
-6421
9606
-7335
7821
3037
8350
-128
-6716
-4810
-3913
7636
2516
4362
-7911
6758
-7659
-6233
-87
-6532
-283
-6960
7792
-947
1116
-1705
7068
967
-8006
2536
-7638
3717
-9393
3924
-910
-3617
-6370
-4639
-3181
6705
2108
1850
-7424
492
5794
3554
9652
3835
-2540
4404
-2820
-444
3378
6163
-7142
8215
-4214
552
1549
-475
5968
-2617
-2123
748
-7173
2369
7029
8591
-4729
5705
3127
6979
6948
3207
1360
7867
-9537
-2700
3258
7561
-1357
-6767
-6494
-2410
-4645
2805
-9661
-5556
1065
875
-9404
3077
3811
7293
-9263
-5276
-6028
1828
-2336
-6575
6525
-8940
-1436
1754
-8724
201
2608
-9830
-5198
-5009
7751
8486
7294
3988
-9118
2735
-6123
-9713
-4608
21
2029
2585
-2474
4395
5109
-9950
-6832
9654
2470
-3365
3894
-1365
9635
-168
-8965
-2418
4669
1752
-3687
5154
-9803
-9831
9641
-3926
3123
-7890
5783
9823
6411
-1998
-9153
-6315
-3565
7643
1396
-6060
3534
4168
6645
-8774
-2967
2954
-2300
8167
1096
-884
8850
-2539
2952
3299
8066
2124
3974
238
-176
1860
2943
-8549
-8728
2998
-5733
-6656
-6758
-5532
-4212
209
-7800
-8008
8436
7094
4048
-9500
5107
-4913
-1879
-2758
2468
-8526
4977
-5993
-6740
-1679
-3130
-6889
-65
-1278
-290
6197
-2182
9535
996
2082
2896
-6354
6959
-6312
-288
-6769
2378
-9113
-3085
6857
-975
5857
9251
7565
7017
-1113
-7884
-7418
9391
1469
-3526
7264
-262
5945
6473
-9870
4532
7065
-9502
-3997
4174
8901
-3902
-8035
-2396
1460
-1873
-5567
7530
-763
-905
4090
7091
-3597
9296
1013
-6141
2370
1705
-9177
4080
-4764
-9856
9527
-4392
5631
3908
-8987
-2786
-419
-1301
5312
-9612
-9088
-7317
124
-241
7286
-40
-4444
-9241
7683
-4948
154
-7627
2383
-9828
-6666
6649
-4540
6271
-7838
-4640
9675
1922
-1063
8756
-3429
6357
1973
7552
-2887
7218
-2051
-9463
3783
3702
6179
-6280
-828
-8747
-3427
-7591
-3852
-9937
6397
-9816
-11
7153
3224
5458
573
-5636
-8246
3310
-3463
-49
-9287
-1011
3745
1367
-6812
-9072
7987
-1996
3645
-9536
7102
-384
-1410
8681
-6007
9614
-2523
-5793
-303
9752
9212
9611
5525
-1247
-1233
-583
-6868
6514
-3022
-7251
5464
4639
4000
-6169
2988
-2811
-26
7804
8065
-4355
-5578
8143
-3583
5932
-6919
-9628
-1438
4543
1465
958
6886
7547
-6388
-3216
739
-8899
3463
-5009
-7401
3770
7795
-8528
-8974
896
-5000
-7537
5616
-5241
-4308
6804
-361
-328
-3858
-5948
5329
-8932
3193
9593
-4328
-1606
-9145
-1411
-4952
6019
-4138
7917
1026
-2784
3091
1887
3725
-5017
5205
-5706
-2151
-7051
7117
5521
931
-9383
-5244
-6198
-1150
4661
-8682
-2786
1405
9560
1454
-329
-2093
3870
9319
4205
2915
-794
6424
-4994
-4967
-2917
1437
-1600
1667
3804
-6922
-5344
4467
-8153
6202
2380
-6050
7672
-1338
-4946
-6363
7053
9738
387
4700
8648
-3488
1465
5761
-6580
-6021
9855
-4336
-9001
1379
8642
-3475
2110
488
-6152
-820
6356
2134
5045
1582
6662
2746
-443
-6643
9074
-4280
235
-4792
4264
567
5862
-532
-3964
306
-3616
-9430
9971
2638
-1753
-175
-6777
8992
3467
468
7560
-4146
1840
-2817
-5187
5874
-2720
-5082
-5308
8805
8038
-4099
6954
-1893
6686
7700
3744
4646
1399
431
5517
-826
-9511
-8196
-5897
-6723
-792
-6283
-6113
-4780
-1642
7669
9279
9088
-4203
3220
3879
-6949
-9606
8389
-6714
943
-5225
-2770
2268
-9518
-6385
1863
5952
546
6081
-1423
-2408
-6965
4951
-1614
-4635
36
-6920
-8464
-3334
-6438
-8970
9471
447
-9632
-3378
7866
-7690
-6534
-6180
692
4251
3010
-2855
-5427
-5602
3258
-464
-6380
9661
7344
-2235
3340
-861
9780
77
6243
-5863
7411
-2146
-6157
9971
8858
1723
9723
-87
-4696
6783
1899
3860
-4251
-447
2485
-3275
-4612
4325
4582
5890
377
-6013
2106
-9501
9459
-8126
-679
5797
-2311
331
666
291
378
3728
-5101
5611
9977
720
5393
-8714
-2579
4660
9093
6475
7636
-240
3911
-2209
5279
-3385
-6249
-4545
5494
-9647
3759
3423
5748
-6657
-9488
6984
-7599
-6074
-7777
4972
-3884
-8392
-6519
2021
-5347
6874
-3252
4668
8932
3295
-1531
5717
-5106
5631
-7137
-302
-2038
-8470
-9483
-8926
-3420
-4790
4796
25
9968
1476
9863
6633
207
8408
8885
-6506
2437
-5879
358
6028
-3722
-8110
-6863
8405
9867
-918
-3477
-7801
1884
8042
-1471
-9884
-9520
813
-979
-9129
-6592
-8852
-1609
-9094
-3188
3456
2052
3177
7010
114
-5540
-9477
4410
-5026
-6720
-9228
-4728
-3165
-6580
-3928
8392
-7888
-8793
7497
8687
2597
8141
-8074
-7053
9746
6153
9394
-613
8013
-9915
1288
5730
-548
-784
2821
-163
-41
-8606
-248
-5378
-4000
-2212
-3091
4761
-2244
4844
3645
-2607
-7051
-7522
-8704
9941
893
-7782
4215
5315
126
230
7264
3960
-4935
1136
6396
-5112
1992
-4959
5820
7619
598
6235
-1568
-9283
1454
2875
2687
-5192
1231
-2836
5190
-5098
-7492
2001
-3562
5535
8789
1346
-5163
-2767
5000
7505
9710
9729
-5870
5792
9557
4863
1391
-7979
-7231
-7285
9023
6026
6794
-3287
4045
-9421
-1513
8018
-469
-594
-5916
-7038
5040
2361
1452
3064
-5302
-9139
-3901
-9355
-9796
-1414
-7382
3093
6524
-1297
6586
5662
3318
7823
3417
-790
-5606
2475
-4122
-3519
5206
9724
-8511
8209
-7141
-3182
7701
-4406
3421
6748
-5312
1769
-5661
-3508
165
529
5921
-7876
-7490
436
3408
-6299
188
-4658
-6007
2824
-5300
1708
5989
4874
8567
-7435
-3518
-5030
7858
-5027
9372
-2111
7785
3385
884
7023
9671
9776
-5986
-5184
1322
-3175
-2342
-7113
3288
-7730
-36
5441
3073
1505
-465
6146
4215
35
-7882
-4007
-396
8547
8181
-7877
-4714
9368
-1366
-4809
1157
-1969
-5661
-876
9551
6384
-5971
412
-8672
9176
-8498
7874
-5950
3102
-8415
6297
2600
1041
1897
-3648
5438
-6775
3673
-2250
1266
-5109
-2582
-8876
-8405
-8109
9530
1953
8191
-7534
1730
-4744
7930
-9161
5889
6688
-2524
9122
4818
5039
-1468
-5756
-8057
6502
6961
-8116
-478
4245
-2529
-7719
-247
-2069
4358
6589
7857
4660
-1035
-7095
-1183
9437
9646
-452
9682
-8417
-8628
6329
8366
1760
5151
5208
8876
6315
-1593
8634
9217
-2978
-7053
916
-5838
9710
2368
-4715
-5519
5910
2713
-6202
898
-8659
-7018
-8772
-2277
-5430
305
5381
5392
8984
-5438
-9640
5130
-9368
-6483
7761
9093
2263
-6595
3437
9523
5723
7371
835
1713
8049
8743
-894
-2932
4361
-4934
-6228
-1130
7573
-4570
7024
-1222
3922
-2515
4305
-3990
3025
-6758
-9767
-7541
-7413
5785
-6471
6193
4606
-3809
2218
2504
9275
-5725
5175
-6030
2146
-485
-327
-4173
-8802
-1688
-8969
3917
-9210
1489
7557
5201
-3507
-1017
-4829
-5222
-900
-2574
-3503
2481
7138
-1624
-874
-7736
5213
2913
2462
-1830
2848
1267
-406
3298
255
3054
6632
-5593
7811
-1523
-5188
-5287
-7789
-3684
-8331
1097
8228
-1673
-301
-4377
-8981
-2561
-6597
1848
7777
-7307
-3169
-6231
-9612
-2591
613
-1716
5850
2860
-8932
-478
-8105
-5742
-5054
3438
2350
-9236
-3034
-9378
-7386
-8216
269
821
-3293
8029
-5965
-3114
-6786
-3161
-2850
-4592
-2137
7745
5521
-2439
-3778
2862
-5982
402
7863
6527
-1138
-650
-4753
2146
-798
3969
-6619
6260
3272
-9745
-9528
-7219
-766
5992
2424
6009
7062
-7641
-6627
-6273
-4930
-990
-4291
5659
-8342
-5851
-1263
7384
-2784
9488
6745
6564
-7241
-3913
2921
-9081
-4426
4560
-1173
66
-6496
-3047
3566
-3105
-5065
-4918
-1489
9528
5137
212
5800
-8341
-2972
4136
1456
9851
-6360
-413
487
-4948
-4768
-4003
-956
3784
-6491
-6092
-9979
-6854
-6930
1504
435
-7498
3531
3307
-9778
8117
5443
8814
723
6576
5637
-792
-7754
7003
-6313
5086
-465
-1378
4630
3070
7278
5986
-5928
-6226
-5167
7507
7908
9782
-6615
-8973
-4940
-4636
6458
-6367
9777
3297
-1873
3721
3913
3339
-5593
-5175
8863
3911
-585
6023
-6250
2041
96
-1577
4372
1399
-1484
0
4225
4449
8429
-243
-1527
-7285
-9792
5661
5428
-305
1515
272
2750
8613
7226
390
-3041
5814
4708
-8710
-1338
2452
7122
160
4359
-1190
3756
-4133
-314
4962
-3345
3661
6848
-3542
-593
-4673
4868
8370
-4753
1198
3131
-1254
-603
-833
-7604
9142
-6727
-4863
4814
9706
-8536
8557
6690
-2775
-8662
-8228
7326
-1732
5397
9663
-1042
4340
-4026
-9534
-6960
7853
3424
-3708
-795
1898
5521
-1412
567
-6490
-1841
9915
-6945
-2046
-2236
5216
-4463
-1381
1053
-20
3498
-1902
6971
-378
-4881
-2366
-1999
-3400
-7028
-4416
-7760
8790
-7229
-1070
-3873
-5458
-4282
6981
5932
-7084
-5816
2875
-2010
3179
9065
-8578
8716
-628
-9497
-9820
4125
-9661
-6713
5994
-3033
4941
-9118
-6199
-8828
-8430
-6103
-1079
-4384
-5018
-8731
-631
7143
4124
-8174
-6779
-502
-1444
2686
-1864
-4205
-9377
-9892
-6209
556
-6303
-1083
8628
-3904
-7209
1458
-8099
5502
-3224
-8038
1185
-6340
-8084
5809
4361
9018
5263
-2742
-6993
1910
-304
-5722
-5408
-2455
7281
682
-4431
-2348
5150
199
-3656
4833
7091
3244
7474
2653
-4732
-7176
-7176
3524
9368
3866
366
2161
640
9561
-2419
2747
8325
-882
531
3364
7101
1881
-9140
9418
-5675
1083
-1186
2109
-4112
4248
-9649
6577
5618
6352
-3432
-1328
8334
-8293
3749
2438
-5566
-518
2541
5829
3911
2430
6904
7720
-6900
2822
-674
-3968
9668
2980
7732
-4790
2384
8056
-1673
4185
4010
715
-2365
-4881
3515
3789
6543
4288
2993
8909
4412
6617
5368
8092
-1070
-2382
9339
-4970
-4494
1895
4178
1094
-992
3066
-5078
4319
6908
-7363
8620
-8642
6288
-9723
3380
9564
8428
3718
-8154
-2579
-7686
-9879
5886
-7384
-5274
-5809
8409
2708
663
-8425
-5950
113
-4130
-2646
2550
6431
-9994
-7085
-8293
4569
-9803
9195
6881
3906
5667
1634
-7379
4135
-6763
5804
9663
5211
-4229
1917
-7285
-4616
6009
1562
-3633
-5184
4656
2213
-6344
5332
8587
-1494
5488
-1066
-2273
6948
9557
5512
2010
-2723
-2776
-6882
-6760
-8020
-3052
3092
-8430
-5726
-529
4858
-8088
-1162
-5658
3952
-5362
-2835
-9578
-1556
6548
6890
9913
-2017
5539
-8452
5319
-2839
6146
3687
-3593
-3711
6247
-5849
-6800
8494
-5307
9596
-7857
4028
-5387
3275
-6754
382
-7258
-1203
3420
-252
-5836
-8465
-5705
-9438
6525
1112
8964
5120
-2637
9240
-2421
-8309
-3339
9787
6945
-2117
7866
-6819
8611
7760
-4363
-4153
-741
-4959
-4979
-3607
-6170
-6727
3643
-469
-4760
-3258
-1873
-4430
-7004
4611
-609
-4155
-237
-4866
-4814
-1920
1130
-4548
2017
-9548
-2633
-5174
6329
5363
2515
9560
186
5659
-5890
8317
2276
9254
5540
131
-2718
5691
-8524
7832
4000
-9164
3563
-8910
6790
-7666
8491
2020
3418
3476
2574
7557
4716
-6194
3023
-5431
9025
9003
-3057
8280
7015
-4321
6555
2468
-8540
-5321
-7666
136
305
9631
7851
-506
-3397
3298
1452
1181
-3112
-3723
-1964
3994
6871
-9506
-3858
6709
-6915
-3447
-6400
-1531
-3770
970
1105
-1721
-1253
-6804
-9184
-1680
-5720
-8905
9630
2110
9999
-1646
-8285
3787
5624
-6921
954
-8582
2353
-8158
7681
2748
966
2949
-8591
6521
9537
9846
-617
4906
-8921
3865
-6094
9334
-1475
-428
-9253
-6593
2481
-6868
-3100
-4208
-3353
5926
3994
-1484
8778
2355
-8915
-9995
5599
-7819
6116
-5612
3289
8357
7312
5798
-8213
-5705
-1218
-5566
1712
-5277
1030
-3866
-5552
-7619
-4739
-3948
-7668
-2453
-1063
-779
4941
1888
-3899
5040
8954
2892
7742
-2818
8761
-623
9307
8898
7748
9517
-3956
168
2260
-5052
-8381
-1814
4349
-7535
4079
-8077
-5105
-2140
-5933
6397
-2907
5032
7673
-1949
3244
-3105
-554
-8600
2256
-7728
6844
-1106
-3448
-8400
-4327
-7665
-4585
2132
-1615
-5069
6336
5093
3791
7384
-4073
-9250
4871
2476
7808
-5823
144
1094
-1175
-8655
-9912
-6272
1704
1255
-4347
853
71
-5356
7911
-13
-1897
2725
-8366
2749
6792
1744
6508
2763
9474
9136
-9939
2000
-8759
-9712
-7876
2493
2023
6970
-6409
-1922
2127
-4250
-9931
-4793
-8489
-8055
630
4159
-3522
7531
4859
1691
7181
-6196
-720
3201
9116
-7879
5683
-3936
-2331
7381
1619
-311
-8716
-1912
-7513
1415
-869
3159
8830
3100
-8948
-168
7859
-7647
2656
6426
1238
4847
-8887
-7652
-3716
-8058
-5724
-1631
4818
7436
1008
-1078
3377
-98
-8714
7527
-9591
4746
4130
380
-6078
3422
9457
9215
-4972
3318
8701
-8241
639
-2651
-4056
-3074
-9455
-7311
883
-9165
-5050
-4680
1097
-323
-4588
2915
3270
-4950
-9594
-9792
9782
-1073
1813
-6475
-577
-6887
-1777
-7724
2503
7816
5389
-8102
7319
2965
-6760
-7483
7729
-2531
1492
-5919
-1624
687
9018
-9549
2577
5088
-6351
-5548
-5033
1007
-9849
4407
8808
-5181
3536
-226
-55
-2887
7925
-7170
8703
8269
185
3067
-4554
-6949
-2000
8132
-3563
-7105
5185
-4199
3557
6325
1831
-905
-92
1362
948
4334
9464
-6230
7308
-8504
7664
-9018
-6911
2500
9428
3466
2572
616
-457
-1339
-4623
107
-9499
-4049
5004
-475
-2913
-4483
8015
-7928
5822
4350
-9151
-7518
2988
-5560
9865
8582
6165
-6409
-6634
4933
-9040
-1311
5402
-5537
9961
5500
8703
2970
322
-5432
6258
-5104
947
-8276
-1407
-6043
6357
-8577
-2754
3947
-4246
5236
-4327
-6686
-9868
-9393
9511
4988
3601
3989
4451
-4048
-4706
443
-854
1812
548
541
-437
1587
-3187
-4956
1749
1253
8091
5953
1534
1264
5847
5908
-7776
4741
6344
-581
-821
-4276
-6985
2088
-5670
9354
5988
-6285
9369
6332
117
306
9601
-9496
2577
6781
3408
-4184
1859
5659
-2867
-9291
-6514
4420
-4778
-5821
-928
-1753
9140
7692
1765
9709
-393
5875
-8736
-6578
-1204
8460
-3790
208
5598
-6902
-4326
5416
-8864
-2215
6351
1030
8686
9065
-7501
6407
-7118
-9315
-7714
-1531
-7763
-1405
-3135
-9850
282
-2260
-5426
-8324
-5433
407
-9302
-6274
9239
-846
-2016
4947
9606
-8350
-9939
-5966
5035
-1930
3283
7437
-2172
8041
-439
-9925
5193
5357
6827
-1078
3588
2795
-8815
-9799
1594
-3941
9925
-2143
8524
-6003
849
728
-2914
2625
1791
-469
1080
-2448
6801
-8769
-9376
8251
3434
4166
5311
-572
2322
2241
8179
-5501
-3517
-791
3580
1776
137
-3557
-2031
-2217
-6647
3546
-8276
2203
-4491
1037
7221
-7445
350
5203
-3751
-9971
-1006
-2360
8556
5595
-1702
5337
9361
-2982
-5111
-7834
3737
-2316
-322
4025
7513
-8361
7148
5310
-7512
-4652
-8439
-6703
-5801
-6746
9506
-1580
2741
-7604
6945
2756
9077
7119
-4008
8150
5505
8843
652
7984
-6522
4800
-2919
-9049
-7107
-8813
9809
4040
-7475
1484
3523
5581
-4594
5040
2714
-9100
8467
-4304
-6559
5301
6089
9877
-7405
6965
72
2133
-6912
6617
-8308
1528
8520
8670
986
9163
1832
-2312
8266
-9391
-9596
-6988
-6555
-4535
-4105
-8743
-1127
-8636
-2651
-5963
-5596
-4909
9682
-192
5401
5351
-8105
-6400
2205
116
879
759
8098
-6809
2348
997
2964
4852
-5406
-3757
-6792
-4974
-7366
7857
-4708
-9571
1856
623
3982
-8663
-1909
-1293
-5217
9050
2213
6600
1845
-1289
-6731
5635
7268
-1769
5482
-1850
-270
-356
-5087
-9747
3117
4897
-1708
4020
6769
-8894
-9171
9377
-7543
-8176
-5484
4971
-6505
1271
-383
867
-7976
-7829
-4024
9048
978
5747
9151
-5747
1582
-1042
-1026
4976
-457
4483
-1873
5647
5516
1602
7506
9084
3045
4070
1937
-6323
8221
2835
4143
21
-5806
-1702
2140
-4003
8614
-5385
-3875
-2442
-6332
-4136
-726
7370
5746
-5961
-7562
-2189
2132
-4148
-167
-2027
3696
-1132
9454
1892
3765
533
7822
-2046
234
-7702
-9174
8143
-8397
-870
-9942
-6716
6818
-7023
6362
-5072
-1642
-9431
1979
-349
-7672
-9865
-6662
-995
1632
-5874
1544
2369
-6999
-3830
6324
5326
-1157
-9752
2231
-1919
-3207
8171
7323
-8631
-4962
1130
5766
-3384
-6019
9153
992
-845
-511
-5095
9614
3126
6888
-198
-436
3629
-2806
-1184
6321
-3893
753
-1543
5142
5433
2805
-5268
4440
6570
745
-1719
8134
187
-6755
610
-5387
1197
-5631
6722
-4976
2479
3133
-7611
-7121
8095
-3445
-6802
8437
9040
683
8602
-9114
7977
-8150
1216
615
6580
5988
-9667
3810
9249
-5288
4422
8410
-8792
-3229
-573
-120
-3722
-4811
8367
-740
472
-6209
-6159
2973
-1636
-4422
7046
-1123
-393
-3706
5400
-4114
2142
-2606
-9844
-1663
2029
9995
-1967
5208
-5965
-7089
-4225
-2234
8711
-6021
-8330
1324
7128
3317
2159
3851
2316
-659
414
4185
8008
8242
-7749
1001
8942
1455
-5797
2954
-688
-1465
-3733
3813
-3386
-8910
7851
-3717
7155
-6842
-4776
-2440
8016
6074
4261
-5616
-6092
-4278
1749
6289
4135
-8452
3569
-7200
6980
-4029
328
3786
7744
7031
6266
2580
8707
2820
8454
175
7711
-2144
-5291
6038
5466
-4124
6695
-843
-5883
-7147
6169
-8067
-6020
7866
-2907
3219
9706
-2087
8819
-2237
4966
-6534
6832
-9357
761
-5936
-1462
-9877
-3108
2644
-1148
-4805
7620
-5914
-3327
6051
-8987
5711
-9177
-1742
-5148
-5589
8683
4126
-199
-1605
-194
9878
-62
-6954
2873
794
4001
691
5209
4245
1024
-5934
-4724
1401
7337
6572
-7735
1473
4001
974
-5687
9894
1192
1042
2206
-6005
-2910
560
-7090
554
-5217
-7294
841
-7635
4258
-1340
185
-6155
9771
8058
1193
-3072
-1124
2427
-4973
6946
434
-578
921
-1720
-7854
-2790
-9875
8827
-5918
-89
-1315
8895
840
-1122
-6296
-6560
-2220
-5345
-539
-1682
3224
-7089
7143
-1324
-3614
8419
1701
5943
9780
7384
1018
8765
-3985
5259
3561
7667
9639
4629
-1593
7573
-7420
2013
8283
-5654
9975
1290
3005
892
4354
-2247
9148
-5780
-7035
6708
-6279
-2478
2278
-7755
-8106
-6274
5508
-5818
9047
-3303
8893
-81
2880
5580
5316
-3964
-6199
3150
6247
1888
-4263
-8789
-5372
2797
-1300
5096
-4586
-9191
-8412
2026
8236
-3203
5799
-694
1537
-3962
-4611
7394
2735
-5319
-7936
8398
2966
1585
-4548
55
8409
7424
5575
-1682
-6048
-4003
-2027
1077
971
-7490
-7106
9481
3544
-3202
8311
4699
-7407
-2980
-1539
2096
4120
-6427
-5957
-722
-9353
-3594
-9585
1566
-177
-2661
-1755
3042
-2656
8644
6686
-2010
-4767
3270
-1926
2238
8824
-5279
8334
-974
-6857
-4093
-6151
-4063
-3631
-2635
5804
-4055
-6877
3356
5935
4836
3380
-3703
-2330
7545
-4419
6407
-8747
-6368
4265
-149
2137
4899
111
320
-534
-678
8946
6222
3272
-602
-4762
5016
-3866
4739
-7444
4478
-4804
-7542
1534
-7701
-81
3987
-7291
-8150
4609
8935
-4401
529
-3343
-7584
-6532
4702
4761
3292
3770
-1050
5825
6049
7899
-3519
-3001
-3100
-9917
-3464
-403
8364
-9838
2931
4988
1103
1210
8795
2097
1966
9932
8149
2189
-1739
5710
530
-6277
-1584
-435
855
-4070
536
-9745
2842
-9031
3606
8652
-853
-5442
-4947
5300
-6982
3903
6173
2253
6245
8773
2668
5540
5553
1206
-5328
-7395
-7205
3359
5620
6760
-2436
-9662
-2632
-7242
8582
7335
-772
-9395
9060
8108
-2681
1962
-8619
2450
-7937
4236
-2956
6665
6913
-5755
6016
6007
9465
1757
1054
2876
4011
9649
-8742
-2069
7460
9482
-4652
6846
1088
-1191
7189
-7706
6717
-4317
-5325
5567
3192
8137
1453
-9294
4158
-6898
-858
435
5560
-3871
6446
1375
-9257
1556
-9128
5611
1703
-4294
-6677
-421
9347
1129
-9353
-2164
-3387
-5465
-8638
3254
7047
-5251
9948
1229
9570
-9551
-7185
-8673
-9697
348
8717
908
506
822
2370
1331
-6964
3973
6102
9531
-2064
-8423
591
1011
-7640
5096
6220
-7938
7489
-6384
4092
-378
-8260
5888
3388
811
-3819
-4783
1804
-9706
-1260
9545
5307
-8646
-3012
2414
9072
-1475
8759
-684
-5200
2639
-1567
-8170
-4682
5469
4158
-1064
-1131
-5526
-5772
-9247
-6162
6687
6255
-906
-832
4618
7434
-8441
-4850
7819
-7832
5808
791
-1610
-3730
-764
-5977
-54
6023
-2305
-6697
-1828
8816
-8547
-8811
9909
569
7918
6652
7244
6348
-2670
6065
-2013
5707
8620
-4901
7893
-6755
-5546
1090
7199
-5834
-3019
470
2625
1039
6927
-801
-5079
-5087
8923
-1550
6533
7449
5665
7871
4802
-2096
-742
-5952
9515
-5094
-2095
-8529
4838
9742
-7197
2683
-2351
-5863
-3871
-3300
1569
6604
-3897
-5994
1834
982
-1436
-1130
3642
-1281
1731
2331
7425
8879
9531
537
-9959
-9251
296
-11
3987
-9595
1575
2293
6260
-4490
5632
2882
-1764
-5757
-8451
-9216
8784
2222
6881
9929
1346
1658
-3964
-6181
9340
-9612
405
795
3175
5574
-5955
5958
-9790
2265
2641
-3101
3840
6139
2712
1163
-4972
3809
-2255
-3676
5350
5681
-9367
-601
-2831
946
3546
-4798
-8002
9601
9191
-1617
4713
-3523
648
3598
-1
-9221
9118
-9314
-8536
9674
2671
5970
1601
4650
-3057
-7356
9510
-4283
4900
7536
-6087
9712
-1531
-6342
9754
-8994
-6375
-7772
-7973
8843
3959
-9391
3074
-5742
2186
-2637
-4509
9114
-8837
-5751
4691
-2941
-5141
5675
-6991
-5338
7797
2519
-5997
902
-4309
6280
-5300
-8346
-5531
5001
8007
-3010
3843
-1007
7153
6889
8659
-7380
-4286
2062
-7104
-2658
-7537
9579
7153
-9604
-5446
651
-7155
6853
4852
2793
-9352
5092
-6791
1106
8225
1124
3151
7678
5908
1419
9788
7185
-645
8500
-4730
2170
-2905
7801
-1600
-7762
-40
947
-8235
454
56
-5577
3749
-4705
1726
4049
8808
-2384
-9852
-4786
-3659
8751
-4217
-3953
8664
-2466
-532
-1965
6154
1476
-2446
-4722
224
8652
5125
2383
-6444
-4957
-1547
2613
-7168
-299
3326
2755
-8950
3801
7375
-2144
-4048
-8141
2611
2172
7036
-5859
2158
-3481
-3613
-8952
9137
-9134
2770
-8075
4792
289
-7100
-5223
4199
5096
170
9343
492
3764
9162
-2466
-7619
6640
-4575
3028
-5003
-5138
158
-8388
-7917
4295
8865
5381
-1759
-3918
-3506
-1394
-4004
-7492
-4094
-2413
9843
-9093
4908
-6963
-146
6272
9602
-7721
7685
-3391
1366
8846
3010
-499
-8240
5517
-8907
3358
6050
4274
707
1157
9841
-9503
1423
-2481
6536
-1884
-1398
-8437
3347
-2016
-2142
1574
-2309
-8527
-8269
-7612
-6827
-1275
-4740
-2122
-6074
5474
-7071
-9981
-7630
8739
-5678
976
-2488
2637
-3543
1632
6880
-1315
-8935
4411
1613
-7665
9736
1485
3677
6121
3261
-6619
987
-8565
-8190
-9714
3785
8705
185
-2675
-987
-7172
-2770
-5633
7568
1404
-4852
7796
-6206
7626
4051
-9290
-8473
6225
4694
9006
-9592
-2680
774
-9162
-1011
3774
4201
-2195
-7788
9547
-969
-9066
6929
-5965
7190
-1193
-7548
9131
-7382
4051
-8546
6698
6843
-9792
7186
-8061
-2309
6051
-7930
2551
-8147
4762
-3259
-7196
9878
-3535
-2070
-654
8336
5239
-1373
9425
-7845
8020
-7627
-5787
-9134
9758
-9565
-4756
8257
-7605
3607
-9357
7551
-6290
476
565
-6349
-2951
-3917
8150
-4266
-340
7693
4269
4193
4125
-5843
724
-9124
3105
-9205
-2622
-4577
-7972
4542
8823
7835
2973
-8928
-2068
5615
6826
4294
9458
-8846
-3903
-4748
6167
5988
7364
-4305
1287
-844
476
3691
2494
-9674
-1897
20
-3259
5600
-289
-5633
-4848
-8400
-3772
5219
5522
-833
1653
2730
678
-4024
8150
-7465
-1092
5366
8235
3114
-1905
-1128
-2011
4735
-6489
-2590
-492
8222
4947
-1663
-7952
8496
-269
-7048
4331
2331
-4097
2458
-859
7857
4925
878
-270
-3000
-5666
-5366
5017
-4690
1006
-2060
-5218
7128
-7910
4989
-8075
7869
-2389
4975
-9144
7742
2092
-1994
-9729
-2816
-2881
3157
-7002
-2275
1645
-4182
6632
6449
-3776
-9622
8188
7216
